8745
607
7434
8676
6321
1968
2524
7907
2564
5382
9217
4392
1651
8668
1367
1674
1938
4299
6261
4844
968
8270
8753
3139
8290
6146
1021
6939
9867
374
7396
992
8614
982
4631
140
9205
5190
6736
8626
1747
123
94
9101
8081
6789
8944
2908
6586
2842
3521
8883
6137
6215
3150
3972
7615
1680
4413
5279
1770
7610
141
9833
5586
793
8446
5291
5370
3007
2233
2115
3709
4244
8748
5301
9179
3976
5566
1673
2207
3657
4139
6965
7873
767
4534
5401
6573
7150
5305
3388
6465
2128
580
8018
7398
3946
2398
594
4638
1450
84
5123
2110
1602
22
1854
9109
7420
8574
6296
1482
5243
8093
4894
8116
9826
975
9551
6256
732
9540
4529
4639
3690
135
913
1733
6188
8337
5767
7456
7399
8353
5425
692
8758
3827
4906
1626
2973
9120
8361
7472
6066
9827
8688
2520
9173
8829
7937
8590
4249
9478
4019
9975
570
647
3315
7718
6993
9339
3322
1699
8275
5303
4179
5406
2486
8668
3045
7507
471
6003
688
6367
7703
2400
5365
8508
3422
7200
5073
9704
1929
8776
5636
7828
6123
9458
8685
9915
3945
5110
609
1979
4245
5119
778
9028
9783
7669
4971
4484
1556
2006
7812
2725
469
4138
6239
5834
9463
4902
4570
5802
1665
9656
543
6411
7857
7004
876
4818
9625
9882
4352
1453
2910
6111
203
8280
378
7098
9663
9672
9999
2739
8958
7221
1556
7784
2707
9632
2411
9922
7742
1527
8777
2688
8700
478
9012
6900
8359
9843
996
2820
7694
6125
6511
1434
2878
3445
1745
7393
9042
4505
4521
7971
3526
6891
5668
2147
4541
5979
4054
1387
4711
834
2268
9061
2782
7500
2623
8530
954
4829
1284
916
9737
1656
1619
2299
7022
493
6608
6689
3138
2166
4119
5471
9063
7872
8151
6252
683
9948
3798
4018
8009
359
3586
5359
4592
6352
8100
2132
9056
6024
4368
4392
7580
2672
1337
3683
3505
5692
2955
6839
7759
7517
5882
7345
1746
648
636
5994
2529
6167
2117
5103
8678
5287
7885
840
3981
8493
295
6389
5366
2585
1660
4603
866
4567
9996
2547
3198
2735
6545
1946
4652
9533
5319
8873
9356
7798
9164
3286
9724
1873
6497
3953
4883
7720
7783
7204
261
1646
1077
8516
9120
5570
1494
4431
8817
7811
351
8544
6828
2352
5918
9380
4171
6231
9178
9852
6764
4233
4831
7707
8455
2472
9887
3867
3004
7548
9621
875
6121
5982
3405
6845
2813
9434
1006
1192
9780
4758
3280
7235
7334
4436
9907
3311
447
2105
769
8424
3900
9947
6912
659
2237
9593
1644
6595
1249
5819
2225
7775
4046
2800
7897
5919
1433
6018
523
2033
3264
8951
9981
5801
4717
2657
7646
731
9048
8055
7787
7425
6240
5256
8507
2009
5209
1645
981
9303
5751
605
8163
596
5231
5710
1904
4072
4187
1051
447
1833
4482
6930
6669
1254
3394
1581
1079
9978
7148
3821
2633
3214
7778
8546
4665
9247
7921
6875
2912
4030
9176
5375
7509
8579
995
4311
1084
3524
8727
3136
638
3602
1395
2537
1770
1156
2053
6295
9972
1765
6192
2910
5240
7016
6509
6514
3027
9130
5627
8921
6703
9657
1822
9859
4097
9790
6701
380
3471
2966
7885
5250
2300
1384
4249
3724
5626
6822
6007
4519
9420
2702
7063
35
8387
8760
2406
6915
6957
1839
9077
4875
6818
6369
5229
3424
4287
5892
8169
6546
6050
2646
8895
8737
2364
5657
7619
1860
2684
9042
2046
1229
9860
1324
7749
1039
5532
3412
7898
3803
1177
7623
7805
5835
6365
2612
8275
937
8221
9421
595
7476
3829
1961
5124
9798
377
1231
4947
3535
6199
6291
5789
5777
9579
6615
3506
5331
1125
9819
848
5279
9901
5952
5922
9961
3042
4564
5786
1136
3581
3564
9962
3554
1408
9540
302
8492
7881
7650
5586
4869
5428
5438
1542
1507
9721
9033
9526
819
3436
2042
34
3730
7474
7171
409
8035
7591
8094
9634
7501
1853
4433
6963
7066
7056
5838
5249
224
304
2093
4340
8319
5329
4965
4646
7876
1804
4036
6102
1335
9875
3198
3125
8579
1500
6644
1902
1514
4735
3223
2346
1621
7087
5840
3409
879
9280
8216
7104
9744
1339
4774
3505
1984
8758
676
6338
5072
7721
8109
6297
6575
4814
1794
7161
1525
8483
1407
7991
3092
6635
1090
3202
9066
7150
6572
1153
9623
5898
8538
1051
7636
9832
6841
7407
1414
1164
3911
1095
1136
2259
7287
6105
4526
9910
569
1530
4288
1959
9322
9003
9749
8832
3415
6843
7750
7496
168
3500
3372
5611
3251
4552
9318
9167
778
9451
3911
7791
2259
6496
1578
8099
8179
7121
6395
6928
7828
3448
8855
3130
720
6300
8315
8694
4459
4372
8808
7415
7192
9125
3829
2079
5977
4074
6530
9149
3305
1651
5345
3370
2770
5569
1496
3333
1500
1706
4049
3062
1281
5938
220
4000
2560
3064
3521
6365
5490
6959
9959
8803
10
8490
3004
486
2601
4313
1334
390
778
6682
9450
4321
7669
1651
200
1472
8088
652
9938
8757
4383
8307
1634
3009
5071
7593
8562
8215
1743
1943
1379
7413
68
2760
4397
6618
8857
9930
2603
1192
7090
2412
9641
3446
2569
5736
8323
3954
7434
3349
9531
8034
5169
9124
2344
3170
909
9089
8145
2779
1887
1437
4068
6620
7660
5217
6679
8434
416
9774
5021
6936
4071
8949
3311
7130
7183
6330
7449
5157
8710
451
6247
1307
7595
1700
7840
2701
6803
5951
4053
9213
9982
3430
720
3679
4212
5178
9875
138
5475
3614
569
1961
4389
8179
8646
5035
8537
1807
2224
9903
4288
9042
8888
711
5373
2066
2597
8159
7709
6562
3200
8238
9948
5392
9090
8487
7051
4409
4044
8750
9847
1362
2528
3953
6948
5810
3925
2300
6684
5258
4981
3474
5769
300
1566
7921
8309
9454
5322
80
3457
2587
8183
5583
2524
376
7869
4837
6684
6045
462
3180
4543
4811
1967
829
4792
5907
9331
4236
2914
1849
2858
4120
2508
9668
6140
4475
1144
9269
6695
1109
7903
4756
347
7941
4732
5624
5045
4187
6571
6001
5304
5800
5865
1852
6738
121
5502
7941
1256
3525
472
8673
7415
8067
2640
9515
7146
4597
4888
8574
9617
6634
581
1163
5334
1408
1840
3666
8779
1909
5402
6890
5824
6515
7993
3213
2974
859
4101
6323
9108
9916
7766
7102
6754
7027
6605
4302
9227
517
660
4066
1948
7925
848
8049
1143
2436
1825
5930
771
6057
1872
4442
9035
9337
8070
1680
9079
7960
8447
2450
4616
2425
4080
7642
138
8209
3172
8254
7064
295
6028
2555
1759
7768
4543
3099
8686
1277
2334
8840
2129
8624
1958
6414
2898
1456
3795
3830
2222
9111
7143
9242
3640
4028
7794
7285
5114
6830
7967
5519
7813
8145
3840
3941
5069
8594
3128
1232
4845
7930
152
2420
1738
9301
8689
4012
9994
4813
3504
4258
7335
4150
9927
8188
475
8860
7085
9366
7126
1120
4494
2836
6031
7254
3571
6695
6094
3122
5347
2888
8031
592
3158
1401
7133
1738
4428
5804
3713
172
8765
2303
8604
6957
580
8881
4657
1915
3151
5912
1636
9838
7667
4706
1108
5105
5153
5834
9989
7489
1368
4825
6235
6602
4793
8823
7861
2302
5643
4136
6932
3692
9462
1282
3464
9836
2326
1063
273
1238
5917
2500
8747
2277
9829
1050
7204
1300
5317
3404
8093
6885
9440
3407
7588
5888
1021
2135
1357
1340
185
4047
3198
5999
1383
215
9092
396
5726
9166
7765
2627
2252
5606
318
775
9281
7380
5675
7884
6430
1456
5670
3689
5043
391
3419
6916
9793
1805
1309
6935
7063
4689
409
3760
6308
8051
1405
945
9085
9351
8237
6829
6678
2461
9583
5726
1306
7466
5
2164
7834
7524
2160
8103
2531
1228
3810
5137
3007
2418
8529
1169
8715
3239
6996
3753
4598
403
6547
363
1352
9051
261
9236
4586
3406
3274
3088
1697
8496
3241
2032
9681
2603
3916
1286
9294
5844
5652
3933
974
6281
4322
8880
5792
1317
604
9441
284
8772
4892
8498
7515
9010
9187
2081
7948
6743
6236
4396
2776
8750
7924
3790
9275
1632
9451
993
2397
1936
3202
8066
9380
9529
6354
8924
4424
3901
9275
44
8649
2277
7531
3042
6508
7826
8944
9142
3530
6087
8548
9267
1929
7759
8516
2467
9904
6466
7184
9702
7739
763
1141
9624
8750
724
7022
7932
6002
744
5128
2109
6325
1880
5269
8922
1605
8992
6353
2930
3604
226
5143
413
2621
8977
6339
4647
2186
1360
5681
5256
1699
5435
128
6469
6406
1963
4323
6575
9452
288
542
3585
3871
7121
120
179
3326
433
7929
4392
9161
5467
7925
1149
7929
4941
7000
3789
7899
944
6401
3996
5287
1707
4861
3183
936
2480
5223
8317
6007
6085
6837
395
870
5343
9299
4360
4835
6554
9188
5109
5626
493
389
5407
6565
4942
326
8048
6323
705
8939
6392
794
1265
4629
4518
9154
4747
1526
681
6488
5707
5455
5507
3510
3418
1718
9396
9840
2774
6456
1989
1068
3719
4740
238
1401
5188
2795
597
3078
9960
8773
5183
946
7524
6371
1338
5564
3081
8246
9003
1074
2163
1644
508
4676
1980
6979
2990
2994
2572
1175
4468
6915
3140
1516
829
493
1471
2469
2453
1461
7341
7502
6008
549
3912
232
9074
4320
4746
4469
2696
1582
7821
636
9674
6535
2151
6868
4502
2796
7027
6709
4205
1165
8688
1698
8011
609
4335
6424
7796
6282
8768
5597
542
642
4667
7620
8665
3694
3556
6732
4010
6238
816
6332
6543
5627
4772
9351
9330
6988
6856
7648
7280
4101
7087
1340
8265
3254
6738
679
1791
207
7931
7642
2132
5149
8122
1762
6
3032
5981
4882
9287
6955
3971
2482
2988
452
2127
5065
5803
460
6958
1621
8892
6502
9201
8680
6236
3195
4222
2635
912
2589
9268
77
3929
27
2503
763
7898
2225
9746
452
2727
9109
6211
6367
790
1553
2174
6314
4556
5650
3455
3596
556
359
9895
3763
9743
9485
7574
5998
5764
813
3441
1445
9526
4915
4212
3159
493
3665
4938
7530
2643
3812
6481
4979
5710
4113
5277
8566
420
5440
3233
2692
9799
2082
379
559
7283
8989
7998
8220
6405
4129
5320
5134
6091
7291
8627
5976
244
6711
7611
6123
223
2691
160
3708
4056
3035
3429
4440
6809
8560
5979
1481
2358
8219
3073
1581
8048
2412
4778
420
167
9990
4453
4621
1
9113
3385
5286
7349
4652
5884
8032
788
5159
7976
7515
1766
534
1981
207
2599
7489
8729
7799
6880
3666
8950
5009
4432
2821
5444
9824
1980
2895
8055
1217
4979
5978
4177
9263
5698
4169
8550
5217
7556
8193
7426
4622
5968
6222
3875
4782
1515
8852
2903
9049
2112
2380
7396
4302
7039
6671
8436
4694
7194
5719
6475
4313
2725
8767
3039
3741
1324
7299
6175
668
7895
8608
6690
2689
9063
9701
6370
1214
4020
6323
3850
9009
6608
593
8561
323
2194
7333
8275
1760
6901
3559
1186
4121
6056
7797
9142
271
3347
5897
4707
1774
2090
7836
1043
7497
5290
5644
267
688
1692
6026
2886
7141
917
2524
8213
5955
1953
1117
3226
6148
5755
63
5255
6917
4538
9472
2083
6675
7423
8597
1573
6193
4597
9196
1780
4129
9802
1388
1645
9013
4115
4433
1837
393
2288
8590
5092
3221
6614
5796
5462
3819
2301
6278
6325
2791
2617
5432
7676
104
1691
280
4287
218
7806
7674
7623
652
235
7021
6082
5617
8262
8764
80
7509
1862
6123
762
2903
9724
1635
3734
6492
1788
1980
2093
5887
262
4206
6246
2597
5220
4032
1554
9651
8300
2195
8641
4299
786
7967
5387
5045
379
9893
4081
5834
4371
2580
1967
6662
5591
4915
8536
9083
1498
9515
8289
7145
6093
5360
3414
9134
8953
5609
6870
3166
5614
400
2668
150
8779
78
6832
947
369
7742
9441
624
335
1257
5481
1657
9293
3957
9769
9633
8567
136
9155
9551
3019
6146
3394
8195
9162
400
4626
8184
3497
5922
4215
2315
3739
7219
4872
2577
8679
9182
5434
6846
761
9502
5467
7663
9188
7648
6909
1740
306
2842
420
5876
6371
657
4779
4814
3388
2888
8717
9239
3667
8160
5889
7613
8969
1357
5381
3787
5684
8437
2048
3491
4337
9426
3324
6689
1922
6469
1671
9491
7023
5716
4783
8924
4538
1473
8837
6139
8892
8618
3636
8849
2076
4557
2306
1757
5614
5150
2377
4517
3570
9984
9526
380
7134
1118
43
5101
9942
6017
3178
4893
7346
9762
9890
4273
2102
3815
299
9488
3601
8652
8089
882
7669
5369
6511
8032
9240
7032
7253
4794
723
3949
407
7465
4797
8357
1066
8239
1503
3030
5624
7807
6046
5241
8811
5520
5470
2192
648
2903
9554
6538
1087
6427
3640
950
8891
8481
8904
8802
502
1223
8608
4012
4071
6641
7247
6827
3629
7536
3181
3917
8443
8375
4359
513
3020
2027
1014
9553
3916
8209
8854
7772
557
2166
1195
1519
8591
7581
8726
5715
5948
5982
1159
7805
3772
6054
5877
4826
6625
136
4877
5778
8972
1958
2807
3373
7873
9163
5700
8939
4968
6569
2109
1759
4445
1237
5810
9439
7432
8430
1961
9064
7474
8318
6661
9813
6186
6901
3250
6481
2951
1017
7332
9932
7620
6561
6521
4887
587
1049
226
7631
301
6545
9384
6277
4316
6610
5995
3993
6325
1426
7571
1275
8250
8537
2133
6775
3449
2741
5295
7461
4366
7604
2137
7945
5530
2769
3065
5733
719
5801
4658
3799
1325
4647
3646
4439
1459
6949
4548
8656
4190
5449
9301
3487
2464
4502
218
5584
7699
1305
6002
3189
8844
6896
4239
149
4749
6178
2754
5038
3142
3278
6561
5658
165
8397
6711
4157
5494
4987
2316
877
9368
1543
7246
5647
9545
626
8565
3686
8116
8794
4627
9559
422
5077
6951
6672
892
2325
1481
1715
3526
5319
1636
3113
7944
1882
7694
106
5468
8393
4458
4346
3539
9098
1925
9093
899
9364
1711
1983
464
6692
5380
6140
1561
9641
9467
964
8310
4122
6036
8299
6317
8496
6855
1912
5575
3809
3954
8183
3466
3141
9204
3776
8138
4528
854
1646
9130
5212
5470
231
9131
1073
9628
1899
7997
4010
6867
5818
7752
1785
1931
7291
5213
9350
6096
294
7056
8067
4539
2475
712
9378
9110
2175
3273
2460
7620
5193
9774
1196
3817
4943
1672
4402
591
3408
6090
4650
2626
1902
6535
5268
3718
9989
6142
2140
8274
8144
5259
6779
6139
4716
6171
9796
4825
621
9136
9408
3450
5780
5525
7868
8270
9785
5846
9850
538
5555
2685
694
3628
8775
1208
9192
7817
7832
2747
9087
7982
8638
219
5860
1529
6255
7652
499
1345
543
9924
9959
1284
6195
2964
4802
9777
8482
9162
8091
488
4765
7460
6059
7672
8424
2719
280
7833
6231
4355
3116
8621
2397
9927
3075
518
2518
5417
4371
6775
8486
252
5453
2350
1059
1788
4585
3102
214
918
6617
2401
4704
7782
4067
3484
1278
4081
7287
2381
914
6463
3099
8038
4136
3621
8593
3394
9967
8276
6949
3588
3399
4072
5168
5230
4415
6537
9313
3706
7518
6740
1541
3880
4499
6060
4560
3227
4742
536
3429
5409
6759
3714
1606
6656
1815
7577
8045
6874
5568
2199
4790
2388
6398
6085
9995
7442
9813
825
9587
7136
6690
5626
1902
5370
9444
9597
3525
7507
4219
2224
1321
9018
9134
5374
5140
8115
8289
3399
8081
2551
8751
1412
6338
8165
3052
5660
8626
9501
2897
4067
6002
907
682
9483
6475
9847
4221
2946
5209
2888
6634
9346
402
8785
7735
3312
6888
2401
5459
8812
4429
7840
5873
2008
5297
9056
8150
3247
6231
1502
6498
706
3147
8887
4504
5176
3076
5026
8603
2763
6739
1899
6461
9834
6871
1585
2923
2480
1962
1486
920
951
2444
9425
7183
8044
6498
7609
2983
9300
5645
2183
8217
1945
6092
8182
3125
9058
368
8048
5678
5158
5241
5544
4249
9512
6115
5917
4561
3889
5144
7457
7114
2151
175
9208
6281
149
4267
4537
5115
5683
1043
504
516
9972
9391
8523
1875
4021
2170
2687
2553
5552
7462
8310
7646
4768
7645
4719
3355
86
1129
3157
2981
8242
3911
2754
2085
6622
3299
4980
659
9594
4128
9716
3302
4693
8569
4145
9339
9031
4262
9038
3570
1030
1883
5680
4926
7712
2524
698
4689
3140
7272
5315
8107
9338
6247
242
3291
7044
2021
7267
9054
9977
2807
3935
9020
2955
4120
8181
2767
1170
3689
5721
6021
5190
3345
4143
1013
3851
3301
4145
4963
5111
8828
183
9374
3127
6635
9906
5338
8374
8464
4172
341
6440
2378
7211
238
277
7998
9536
5963
179
574
4577
8357
5502
163
3699
6007
2249
6441
3263
434
1035
6701
1670
115
662
4442
3990
9869
3556
8633
6675
4936
670
9206
5104
9733
5081
2615
2280
9697
5498
2418
7861
904
3160
3748
2875
6207
8194
7258
6988
8550
4400
7684
1976
1759
4653
4507
7189
6696
2620
7375
225
5906
349
6911
8755
3084
5417
2332
7529
4597
5807
912
7945
9074
5435
726
6229
7643
8366
7345
309
1790
5126
7204
4729
7983
261
5198
7600
8259
6291
1749
3495
3744
5570
5043
1457
3755
8193
7454
7832
6553
1066
1240
9512
9079
528
7555
4364
2093
8501
4507
2091
4001
41
4568
619
1365
8381
8967
166
6595
2085
6892
9643
3647
7754
270
7729
686
903
726
4052
4616
7056
3888
4255
6144
4922
7646
6435
5613
3557
5193
5400
9237
5861
706
5530
2530
1441
5410
2626
2794
2918
4394
75
5289
1065
54
4889
8380
5855
6323
4754
1400
2424
8947
8071
5218
3242
983
5162
9565
383
9425
323
3096
4670
8414
1181
1805
1690
6818
3964
8969
8208
3161
700
5097
6324
8836
7121
9488
6902
1349
8090
5981
8217
2926
762
4189
600
6238
4335
4135
2881
8233
9287
6559
1896
5100
8251
3366
1987
6240
5349
2712
7478
2789
695
1025
7432
6718
2055
9904
8668
9828
6183
9298
9931
8053
8231
9597
7455
5395
8830
4365
9674
3585
4890
2324
6792
8028
2025
1889
9096
8036
3590
4062
6459
9429
3759
9833
278
641
9834
6345
8277
9199
2008
2053
2044
4081
7179
4845
6963
868
7111
8675
4273
818
214
3652
5410
2061
521
1703
9473
933
7079
4966
5696
4160
1876
6859
4158
8072
4687
6443
9583
9309
8785
5112
5064
2602
2302
913
4831
5117
6248
9890
7740
3572
1653
5694
6087
9905
5127
8436
7560
3584
4242
1239
1648
3855
1577
8294
5693
3181
9003
1334
9896
3910
1855
2404
5065
3846
5988
9571
1674
2770
9420
8764
3856
1219
4233
9339
7415
4854
3735
3168
6575
2624
4479
7034
296
4553
2694
5963
5243
5524
9901
741
9212
4650
3071
6323
5732
5990
516
9092
7862
5243
5928
6
6790
8795
9436
7546
8726
6035
6380
9083
1804
3225
1621
1798
3241
7325
9624
4592
5823
1226
8304
568
1944
7569
7679
5628
2897
6967
2752
2464
879
7857
3707
807
1258
9433
5519
4182
3067
6151
3367
615
6388
2156
9868
9739
6313
6645
5089
1590
4519
6662
511
2984
1144
2093
3706
5844
1586
8768
1345
8105
5175
9456
4330
1863
5194
9295
341
5365
2681
1723
5913
5102
9621
3335
2244
1786
669
1261
6394
9322
6405
4638
2269
9010
5237
2528
3842
2160
5556
4254
6429
3072
4519
4530
521
900
4916
5002
6679
3295
6984
5839
9278
6936
7733
5889
1539
54
6402
7558
4185
9884
959
3072
5345
3612
7250
2053
9826
4831
9336
6458
1812
8778
6851
7831
6166
8703
2791
3565
57
2597
3041
3395
8402
4212
7188
4712
3758
4807
8641
5435
3714
2378
977
6177
6598
3283
6535
9216
9331
7079
2770
396
9682
9203
1640
1495
8822
7637
7398
4819
9065
9155
8551
8837
6037
7879
471
3515
4068
3918
6155
6668
8594
2690
3991
8143
9552
6133
3003
6926
5346
5494
8058
7369
7800
1606
9734
4658
4723
2675
6202
6354
8179
1455
7321
6413
3382
3390
4380
392
5248
4837
2458
5783
7061
5763
6185
9318
8470
4481
3852
3950
8067
2931
9294
1773
9197
9741
5711
5576
6297
4925
710
946
3088
4416
7242
2906
3222
4853
818
5869
8631
9049
9412
3423
734
372
8810
4887
4921
9935
2789
8903
9275
3912
4511
404
4371
9565
2740
6245
2169
7650
4145
6489
8513
5735
775
2889
5559
1683
81
3463
7556
9039
3328
2216
5872
6402
7101
6060
6857
987
1770
6749
9224
2530
219
4265
5987
7458
9929
9520
9673
4798
1608
8424
8531
4719
7922
6461
5745
7747
6654
2739
3312
7754
3572
5149
7139
4622
1691
3748
186
3097
5216
7786
6027
2844
8447
2875
6071
926
2179
8736
9864
2027
2745
4677
9394
3629
1711
9496
5122
3021
7497
4870
3588
569
3670
6432
3857
8958
2531
4745
2838
1281
6753
9147
7537
1782
6285
1069
5712
1824
2539
9821
5026
228
6913
3083
4857
1510
6168
6385
4153
7736
2839
686
3417
9744
4908
4870
8773
1272
5302
413
1344
5202
8430
8793
5736
4542
7925
8314
7251
2063
7058
5922
8680
1553
847
1326
3994
536
6801
5280
8058
9031
9468
1236
8628
1393
2437
9730
9311
8638
333
7860
9905
6753
2456
2005
3615
2489
9198
509
8987
1824
2141
4522
8098
7938
8823
9361
1527
4845
3576
5840
4949
101
6522
846
1789
4945
3877
9113
1341
3111
4015
3627
1966
151
5424
379
4565
3561
4622
4291
2371
272
4398
7055
9307
2129
5329
4354
641
1876
6395
9474
6463
1849
3781
2671
654
5102
420
821
5428
4010
2721
9861
4286
4518
5041
3322
4256
5165
6936
3847
1699
8766
3004
1032
4605
1211
225
8109
8311
6209
3077
2083
900
7036
2456
6753
9115
6310
433
5726
5603
2690
9219
3006
3510
8975
9356
2043
5023
9578
9146
218
6317
6577
4547
4657
2566
2628
6415
7002
3123
5901
9833
9308
8854
6930
8482
582
644
9717
5565
3641
613
9816
1586
4976
5246
225
8489
6049
2754
1848
9065
3102
5313
9096
382
3942
552
2710
8
4410
5598
1326
4247
4273
1350
461
8309
2145
4244
2635
9343
1688
7686
5142
4632
6846
5632
2645
8857
2141
6271
196
6351
5168
4716
8548
6489
2335
9724
7701
2987
5645
1009
6509
755
7826
481
5865
7190
5490
2894
507
8285
5166
8792
9781
3805
5024
5410
871
9907
5904
9218
8914
2051
8855
7191
7209
5821
2830
2548
7283
8373
5386
4710
2969
8622
1288
2536
4839
9977
8777
4497
1366
5494
921
9397
989
1615
9940
6499
4888
3343
5702
4443
3765
644
5684
4242
3110
3161
2593
2807
598
7895
7608
9954
6053
2420
1693
3643
9188
4408
4839
5328
2802
6771
3218
9728
9429
6550
7223
1067
7617
4851
9177
883
9885
4575
8063
901
8262
2475
79
8112
4780
2151
8016
8217
3777
5008
9535
7896
9981
6899
4237
5979
1418
9210
2105
8532
8958
4486
1387
3102
4999
8332
2237
2950
2186
1303
3594
2933
9357
6763
4647
4909
5973
3275
8975
2018
8159
3010
9011
7996
9194
835
813
9811
4801
2307
4286
9333
8893
2608
2007
2487
8593
2628
552
2416
8249
2839
1878
6528
989
416
8687
5991
2864
108
6943
244
9064
4795
764
8382
3866
7363
9753
3894
5979
1561
6489
9194
8793
5826
2406
1569
651
751
3550
2798
3731
7787
3823
502
1363
4069
2232
507
2700
5857
2402
5973
536
951
7131
867
2748
8681
8140
2462
389
4578
1333
9977
5729
5687
833
4234
1717
1614
911
6240
263
5886
3451
992
509
1952
82
6471
9823
8265
2291
6790
9636
7269
9881
2775
5450
3827
8012
2855
5333
9677
5701
2102
4065
1798
4148
7477
709
4255
1557
2900
5851
5049
2203
8652
996
1744
1420
5773
6685
2277
4933
7619
7784
217
465
7570
4096
6976
1916
3967
1947
6990
1607
806
7728
5733
3999
5476
7506
4568
5153
2835
7775
906
5747
8355
1143
6930
1931
1688
7383
5206
7474
6036
4595
4924
2756
7997
7475
8224
968
7195
9662
2064
9565
4905
4987
7457
5509
6163
8042
4531
6093
385
7990
8846
3287
1384
732
1652
8427
8886
3678
4395
5808
96
4216
5652
8298
1713
7685
6886
5407
9887
3166
1972
4460
8050
5727
4238
8453
298
1887
3938
2
1057
1028
8554
9363
136
9222
8060
5956
5943
3522
7391
7012
8657
4163
8777
4043
9422
9290
7280
7654
1285
1868
3910
3913
2491
1225
2063
943
3039
2338
4619
2724
914
4397
1057
8164
5313
6463
6170
7431
347
2086
4601
4278
4196
6661
8272
2603
5513
966
7023
7868
978
1858
6301
9154
5336
6425
9556
5607
8016
9009
7180
1822
8452
1481
8259
332
5624
5904
6216
5743
6012
5280
4469
4341
8138
2483
3678
4986
1190
9655
7821
2000
9842
376
2401
8392
7307
4713
4392
8272
3903
2914
220
566
8992
6940
4990
2268
9979
313
3502
8382
3286
5785
1132
7415
8674
7283
587
5849
110
7212
8759
2352
3497
2769
6402
2678
4004
5193
2216
9147
3489
4058
2068
4430
1561
4613
3538
7941
2189
9983
5758
4558
1461
1573
4592
9624
1085
440
3620
1234
6516
9559
2092
637
8243
1956
2034
4283
9662
2463
8052
6502
5252
1526
5007
87
8279
7916
698
3192
8160
3450
2991
4815
3781
6934
3381
7930
563
6390
1907
8818
5876
8332
1537
3527
9518
392
3670
7559
3415
8887
230
2850
7431
6069
2005
6904
6241
2742
7307
2542
5594
702
9839
3156
4955
6004
9725
7569
7536
8470
7060
654
8010
5032
3064
718
2837
4529
9928
2312
8049
9376
6791
3632
4595
5190
5942
932
1904
2864
290
8500
6185
8897
428
1660
1165
8786
7212
1980
5486
5249
3658
8416
2731
7677
8186
5481
7244
1779
9777
9671
1267
8660
4411
8394
6721
736
1339
1403
7972
7834
7196
3365
312
569
5720
7598
2576
9679
959
5236
1276
9372
2221
1143
7980
9952
9750
7724
1257
9980
1139
458
9448
1061
9813
4471
763
8983
8586
9724
2777
3381
3243
3540
4245
4348
3370
3058
8344
8500
274
6980
7967
8894
4692
5484
455
2859
230
9543
1318
9355
1989
6055
3905
2774
3682
3168
4723
3227
672
972
2170
4317
858
6330
9832
8165
79
7059
4129
4014
3826
9852
147
1122
2413
8440
8752
8865
2515
3282
2736
6975
3967
1773
9647
6639
7087
8444
4225
8867
2412
7884
3901
9930
1716
9257
6706
4974
6448
172
2103
9955
7309
9422
1745
8946
6604
2612
8996
8559
3204
2088
3137
3726
8474
2724
6636
9416
390
8090
1588
997
2175
7358
4503
1892
1285
1859
6976
958
4329
1642
3460
3554
3608
6623
6362
9685
1342
3939
2979
9795
8391
2971
8413
3768
5277
2187
3550
1563
4665
7411
7398
4492
6115
9441
8683
4654
5862
4
2425
6245
6682
9000
3425
6562
5466
2681
86
6418
9038
1950
8790
9345
1963
2357
1165
6499
3615
2480
4039
9507
5616
5413
4577
6597
4898
8825
1200
8349
2119
2689
4210
8117
9927
192
8765
8778
651
6548
6819
1827
8420
2502
3955
7051
6386
4143
1653
1018
5802
8326
5488
425
9990
3477
4961
2014
2930
8843
1252
4190
9140
1355
5056
6731
8794
8187
7798
4075
9618
4831
6096
4531
5004
3025
1067
2476
5999
260
1243
3088
3328
2725
277
9514
4493
6546
8366
491
86
7961
9364
2374
2965
1685
3956
3323
3685
8106
2903
8921
5679
4228
3409
7928
4082
269
5925
4050
2801
3726
8353
4597
5464
5322
9538
9771
7208
6802
4166
6907
5939
8773
6767
2480
3628
7919
3366
926
518
6836
5530
3407
7667
6455
3031
1528
6190
547
8166
724
4748
4200
6903
5527
366
3275
9415
4266
1511
9856
5361
3864
6487
9495
7286
6367
4701
9652
8906
7581
3087
5150
3711
4775
5103
5681
3333
4795
5097
2475
4401
6119
6539
6043
7259
8408
8680
4626
9827
915
2484
3418
5152
6772
3385
7958
1727
3582
5334
1150
1550
2052
7913
2325
2065
3440
5862
8459
4613
3483
8274
2225
3849
5179
2909
8875
9682
5287
9640
4169
5725
9763
5836
8489
6012
1439
5670
8106
4757
9251
4795
3148
2333
2034
1598
3264
4314
1513
6338
6157
9412
8474
9879
1259
6473
3315
4419
625
275
7191
9678
1820
852
2749
9313
3038
1258
4155
3989
8984
4291
4487
9512
7162
9539
4874
678
8113
8288
3835
4111
9887
5341
7115
6234
6580
3612
8065
5749
3096
9432
6085
3524
3485
4004
5991
6619
8181
9123
4286
7332
6238
3378
9285
2613
2295
8406
776
3977
4381
3437
1493
3112
7943
401
7060
3801
3475
1119
3234
6487
16
2780
9341
7809
4430
7788
4554
3830
6869
9331
9355
2255
6107
4585
7927
5969
4541
3315
8516
7461
1559
842
7852
1290
5728
804
2601
9665
758
4995
5552
4421
7599
4634
6696
7173
5151
9884
9732
8311
5065
2166
2636
4613
1914
6878
6878
4734
8593
2498
3660
1591
8239
5721
7075
778
8185
1299
3514
4509
8512
9522
3822
1331
7597
3936
9718
2860
9740
6802
8818
128
5427
46
3237
3788
3066
5014
5190
4385
2153
5223
9269
1176
1731
2442
5153
559
4731
7991
6389
8091
8338
7899
570
1276
2858
2709
3768
3832
6758
145
7381
5971
3490
1593
8692
9412
6543
1421
7400
264
2733
1502
9117
7727
188
2031
3430
1631
6691
3665
8474
7228
6096
5378
6194
1392
5386
7002
2462
364
2601
5365
4043
5564
6347
8210
47
603
895
580
8932
9618
6965
4282
3404
4311
7218
2184
4624
4674
7221
5608
4009
6271
7150
4897
5617
5174
6894
334
4633
152
7371
3027
7753
584
3831
3149
9447
7691
2737
5919
3996
6143
2407
4145
6965
2903
9009
9772
1358
215
3751
5929
3065
84
4111
5215
7438
8276
1861
9647
3799
6914
3246
2565
7561
6077
2197
3083
223
6443
5739
9189
5989
7022
1849
6502
9987
4242
3945
5858
7180
1297
2906
4385
2885
9521
7084
1545
5578
6795
3091
3748
119
1498
5345
8545
4897
4371
301
2183
9486
4796
2123
2351
395
2465
123
1294
1220
181
4725
3200
94
8640
7946
3702
1716
9409
6408
8696
3434
8068
9767
4263
4862
5478
5103
9420
8344
1496
8287
8684
3207
2084
6659
1963
189
7754
3402
5189
3690
8546
2983
6264
8580
8312
8692
7394
5151
9020
7904
6696
529
3956
8009
9074
7364
7266
6133
8797
913
6099
8764
3963
3811
765
3154
6065
3729
7782
1016
6277
2912
482
6408
3734
125
1892
3961
92
4966
5056
617
8939
1663
6642
3929
8276
4497
708
2604
9189
9819
858
489
4107
259
652
3452
3560
5167
4094
9752
1267
7603
314
8363
3521
2242
9136
6496
359
458
7124
7061
2812
8560
6919
9192
2620
2628
6192
102
8281
8758
6399
4548
3987
642
5640
8923
6101
7339
4426
662
5187
2895
7895
0
270
6001
3145
397
6017
2284
5714
5962
2830
4022
4978
9066
4460
2080
4251
9004
7686
2679
7713
3040
3830
7265
2936
4460
2476
7174
4750
8373
3581
6048
3462
4888
5378
2051
8029
1057
1967
8794
2679
7504
6275
8578
3706
2985
1202
4103
1667
344
4205
5063
3073
256
8293
4238
4784
4974
5495
3589
3812
2890
7203
4661
4991
6120
9493
9148
9076
7587
513
4876
4215
1071
1327
9635
4469
7602
1249
326
70
4186
3590
7695
5445
6361
8033
7559
2698
4384
1368
7893
175
3901
9216
7388
8046
5945
7532
5177
5413
7751
4182
3288
6335
5492
7703
3126
5411
2346
2451
4730
7047
488
6800
2943
6411
3580
3778
7706
4188
7115
1597
6683
1758
7591
4893
7151
8137
7878
6187
680
5176
5401
1050
8500
2852
1788
9784
7663
2237
7480
3049
8103
9744
2478
8762
8530
2577
4870
2905
4724
1989
2092
7357
7248
7878
5941
3808
6847
5570
1321
3937
4880
3175
401
2559
3029
5854
8410
2260
1189
1512
4656
5125
5009
969
2514
9633
4811
4499
5113
8505
5812
5788
9232
6382
5470
3793
8537
4538
7568
2805
8685
3553
4210
1061
1066
3844
6278
8687
8989
8254
123
6446
9973
549
3245
7793
464
8554
4550
8089
4789
960
5412
6455
8439
2348
6220
7739
6880
1855
9312
4304
5008
7115
3331
9989
9090
6553
5874
1428
2577
9968
1016
5186
9533
9425
5811
2659
4565
9917
5190
8537
6162
2015
7797
2772
1099
6760
6264
473
1189
6432
4192
8889
72
3516
8666
5788
6976
4169
1508
8868
6392
1807
4695
1610
7498
1038
5364
6981
4798
2120
3637
6725
1961
1349
2157
659
4074
3337
9657
7315
9706
7030
2155
4593
3024
8473
4419
6624
7973
9835
1266
987
1062
6022
2921
8616
6645
7304
1191
7249
8758
8829
3526
8146
6560
5645
188
4901
6193
4893
5651
2688
509
5204
9189
6013
9495
7039
1102
3165
8503
6671
477
5937
8370
840
7535
3912
1425
8713
8662
3633
16
2734
5004
4313
9661
169
6180
3383
7253
2727
9087
7160
5812
2494
8040
4168
1219
8611
6563
1253
3093
603
3040
5515
1495
1101
2107
8309
3521
2782
1201
1087
8998
1816
7000
6684
2477
2836
9608
3812
9505
8504
3304
6982
8776
127
1423
8847
8153
4439
9508
7064
1811
5678
5273
3146
7761
1391
6090
6511
9897
4995
4744
2948
6346
8098
2003
3070
6410
783
212
2950
1655
8641
5532
6133
2813
1210
7737
3465
3092
7637
5529
4775
190
1893
2241
4360
3878
1678
1469
406
3365
2257
4703
7048
8791
8913
3338
6557
4236
9444
5592
8338
5352
1191
4796
858
3396
5431
9274
2416
8796
5694
5626
6733
1667
5513
6599
9768
3687
5449
1910
4858
5634
8838
5430
4309
7523
656
4939
6919
3784
4123
1296
2529
4189
5230
2317
6712
2360
6252
2935
929
7601
5480
7238
6118
2512
1895
9931
546
8402
339
4412
5995
2869
4819
2179
9852
9057
5051
3628
4533
4122
4060
3401
9815
5191
2738
4411
8097
4715
612
3443
7417
3543
759
7761
2110
9257
809
6584
6409
9359
1270
3457
2005
3749
7043
5569
6597
8602
7905
3887
6799
4232
9010
3607
5454
2812
2989
7888
307
7948
1120
9054
8335
6975
2200
581
7555
8632
4262
9
6090
3255
6087
7662
6423
23
2560
8548
1369
5937
373
5133
7053
4197
8312
6826
7400
5430
9431
7956
4066
3831
753
9772
5528
1688
9880
3594
9133
9994
6818
1596
321
9895
3689
8924
3923
9564
4574
5851
3502
3770
2711
1496
5981
8881
2463
1264
530
4338
9071
8618
2571
2730
53
8058
6092
4528
8302
232
20
259
8424
2015
7308
2435
4664
4077
8610
1929
890
5972
5939
8614
544
4095
5542
4111
7189
1012
3377
5242
4365
5575
1032
408
6826
2050
4721
7518
3900
2992
5057
1334
9727
5052
715
129
4427
9039
4809
6415
4863
5617
8839
4154
3618
5810
5377
5356
14
1136
7351
2252
7595
1625
8713
7334
8338
1267
8564
2473
5050
9458
8415
48
9901
3949
134
3567
8853
5463
359
2615
8845
6675
5678
7119
7066
8560
1727
8915
9342
5261
8476
4377
7762
4563
3474
488
6013
4829
4576
8123
4579
826
3761
586
6968
237
4073
2426
2411
9886
2400
3472
130
5674
1856
5643
5163
3075
8852
5589
6017
5662
1610
4521
9963
7581
8812
7669
2628
2168
9375
9731
4776
2932
6925
9416
616
5080
5428
5709
8801
5383
5670
843
9405
5751
5795
146
7588
1178
2943
6873
7406
5850
7181
974
7281
2173
3398
4301
2013
6237
1592
1209
4901
9777
1065
2726
7529
3109
9462
4492
4084
5712
3288
3547
1692
1109
2550
6691
8184
554
8541
3630
3963
5660
410
1409
5168
3528
3126
2740
1248
9231
6727
9744
1196
9549
4331
6352
9204
8761
4288
7168
2323
1971
53
7928
9800
3981
9903
2864
6219
2027
7450
7277
8307
8840
3044
9373
8329
8436
5646
4081
5359
789
4500
2909
9391
3153
37
8210
2273
5117
3843
7190
3714
1742
8230
907
273
4096
6977
6136
141
9337
157
3463
6791
3140
7580
3286
110
5685
7410
2463
4515
8718
8709
8290
9720
5234
9321
3230
1329
5239
3368
3315
5221
746
5841
5544
1830
639
5332
4732
3843
1415
9744
8255
3576
2894
3998
7930
4378
8966
3210
1877
3726
2199
9576
5599
4424
7701
6314
784
4243
6010
7386
2349
3711
6990
7459
9089
6322
6714
2569
1007
5419
7157
8306
6815
7203
4116
8986
8445
9908
2267
8222
5473
5042
7500
8610
1295
7766
5756
5805
4623
9993
4470
183
4391
1590
7420
7498
3541
2171
6310
8437
7306
8427
2701
5868
4587
9663
2082
7669
6826
7271
7778
2545
7365
2247
6192
5953
5706
8537
6417
3406
5301
8979
6652
8784
577
4937
7071
6003
8708
322
3758
3437
4342
5647
1201
1798
972
7974
1420
7841
911
8212
6291
8242
6941
8059
5862
236
2643
5071
9543
8223
5113
5852
8927
8430
3325
4137
716
6939
7756
2690
5701
9921
2057
5339
5103
8727
5517
8247
8698
6688
5882
7541
99
8881
5663
3824
3322
933
1524
2747
1360
8014
5526
4829
1833
560
9077
7019
7018
8989
5274
3104
5550
5697
2997
7
921
8961
6590
2264
7513
22
8253
7513
8396
1578
6382
1718
325
3214
1990
4006
489
6863
7107
7524
6419
3290
3545
4489
5178
8836
7824
758
453
135
8179
7656
6511
3400
2565
6548
6074
4005
2370
4719
5178
1535
5138
9439
1777
5300
1026
856
6467
5340
1958
3262
3081
4388
9455
8664
4088
6962
7003
6158
753
2769
5460
5550
847
2953
5504
3935
7297
9380
9401
9462
9646
9084
5471
7410
6450
8313
2579
9885
774
3170
8645
1906
2900
6752
6790
3508
3980
5933
4994
9564
1954
4399
406
6476
6299
2452
7338
7645
1387
8198
8829
7649
9103
9225
5225
8471
195
8634
9675
9769
360
4398
9634
9178
1477
6396
5534
7967
579
1195
2628
1945
9182
698
9662
7503
3404
7072
8548
7858
930
3051
2452
5173
4354
3669
5856
79
1655
2752
9046
1282
3669
5058
1217
4483
5278
2917
921
1602
1747
4359
9937
8422
4150
8313
6821
1238
8142
1245
9347
781
8477
8792
872
4799
7609
5380
4236
9004
477
4620
8238
9805
9164
3333
5947
1227
465
2485
1170
2725
6641
9000
9213
4214
4618
3467
792
9588
1716
74
3360
227
6637
6772
2490
5547
2882
5613
6965
8528
8027
5511
5240
338
6354
2227
7571
9644
4236
3313
7737
9037
7358
8940
563
3089
6359
3066
6670
23
2821
3253
3812
1681
658
1563
5001
4576
8893
3456
7173
8140
600
6365
597
5008
9316
4726
8457
2114
8665
3641
8056
754
3089
9044
9967
8308
7620
8301
9106
4330
2426
1479
2201
8876
3521
191
9391
1573
4465
7874
3827
5737
5135
2648
2031
3079
2726
1469
9530
990
7036
2210
785
6251
6766
8510
9832
6076
6085
752
8174
9876
1042
5373
9484
2862
3526
3859
6423
5633
6428
2245
3539
2316
7426
1705
1562
3461
378
910
2701
8916
2686
1244
3546
193
4215
6659
2051
1483
8338
990
7743
3370
8505
6889
9759
3584
4378
2180
5641
4649
16
1406
4874
9175
2839
2610
5124
9724
6216
1985
5801
1651
337
1928
3173
4169
5805
1227
3562
6958
1826
9682
6343
7116
6245
3238
6448
3947
7779
9905
6856
7189
1770
1190
5154
7610
9519
8523
4685
7600
7852
9281
10
3392
9939
2384
8457
9826
600
9155
4398
3214
9324
1195
536
7780
2066
3298
973
6393
8510
6150
4146
6890
4939
469
9765
1110
4108
1542
2870
5001
2598
698
9790
4595
3005
8153
5384
4507
3007
9882
8250
2692
5892
9696
785
7644
7418
6531
3944
1974
2025
6123
2346
9335
7377
5695
3965
58
9954
58
72
4522
5989
7615
5317
2298
1449
5170
4887
9385
1928
1133
5520
5513
8345
7761
9823
8372
7175
4402
8835
1920
4534
5357
6045
1443
1947
7941
7190
8924
7827
8606
4080
8457
2805
7561
7412
2942
8926
5248
3085
95
2410
7213
8878
7923
7212
7474
3522
7263
1908
4293
8172
1715
5594
6436
1079
3351
9418
2441
9860
5965
9130
219
2192
6302
603
9374
4973
7697
4667
4048
4028
9872
9797
9796
1321
3239
1199
4032
4263
6014
2663
5919
2209
7666
3196
8223
8523
2798
3868
633
2685
5423
1614
1286
5838
4771
5737
874
4907
278
9819
1567
4943
5182
6376
1218
6727
5299
4151
1851
6802
1982
8235
242
111
5981
1352
7589
1191
2014
584
4696
8476
2218
7586
8897
7696
302
1885
9023
4559
7275
6283
5108
3975
3862
533
265
2913
4409
4520
3163
6644
1940
4943
892
3639
4333
185
3641
2623
7101
6462
4596
6446
9151
4629
706
1312
4069
1076
2595
6647
966
8048
4765
436
5751
8399
467
7190
5788
7321
9128
909
8338
8906
8078
3326
5940
8515
4454
8584
9917
2906
7626
9020
6598
8809
7278
3222
9488
7214
7340
6695
4648
5037
1398
7542
5825
8001
887
4424
516
8599
3430
1700
8064
817
5009
7165
6132
8946
6294
1057
2464
1231
443
1140
4705
390
6943
7567
2232
2101
3651
2956
455
9436
7113
7665
9832
5917
9413
7586
8982
2391
8386
1978
3701
3221
6804
1785
1427
5458
5349
4736
3773
562
3613
2073
8092
2048
3153
3215
2737
3967
6731
8856
9681
4536
8239
71
2429
6419
8550
814
6833
189
3545
3922
7290
290
1912
6136
1100
3489
1960
6022
9285
8232
8650
9717
3042
9582
4333
3378
1213
8494
9254
7916
5601
6073
808
1167
7815
3130
3708
4969
3418
2903
6795
9807
6588
95
6029
7668
1258
2529
7346
4515
2737
2690
7560
7408
7206
5128
6234
7733
5153
2338
6539
1187
8795
6061
8533
7247
2862
3169
3995
5687
2735
5324
7966
5367
3829
9385
8510
1017
1410
1204
2833
7009
550
8891
4878
3225
1796
2871
6790
7040
9346
9159
4209
7181
4970
9133
3288
9731
2759
3806
5511
3943
6883
3085
4932
5669
6980
861
1289
9182
3541
4864
1584
3989
8709
6205
2212
1799
6280
7260
3467
263
8380
8144
8361
4306
5282
1381
8082
2912
9137
1609
7131
9101
2003
2126
2215
3476
3506
2953
293
7209
3683
5674
2828
8619
2154
8813
5281
8618
5587
3718
3118
4187
1660
5032
8231
5793
9158
1688
2543
4202
710
4097
8805
4475
6732
658
2089
124
6627
2091
9356
8372
5988
5196
8585
8242
6655
8607
3460
6836
9796
1857
4339
5535
911
5640
1358
7128
9618
5570
893
6872
6407
3889
2342
5383
3143
3623
8183
8884
4077
7486
6640
2855
9302
9484
2899
8371
3209
596
1818
6575
6338
1189
2319
5595
192
1891
1253
5989
1099
1514
2428
5302
1008
5354
4706
9705
199
9656
1586
835
9367
8401
3548
8934
6231
6667
3563
9185
4914
797
5661
6736
4693
9342
6197
7330
8404
333
7564
4670
9775
9813
4495
2716
3278
3760
3804
939
9694
554
9448
3231
5541
3930
6138
6657
4723
7038
6348
4520
6360
6643
7569
9306
3584
2769
8910
5004
4299
3173
8742
5019
6380
3908
7974
1438
6603
6931
6778
3760
4707
3232
6086
373
1437
5269
9045
4027
2130
5644
1735
3366
5511
9883
6943
6158
679
9964
9554
6295
3993
1793
7207
5865
1532
4222
5253
5624
2123
9388
796
2072
544
4190
6585
6976
448
497
1891
5685
1789
7371
4139
3863
8092
1977
2042
8368
4784
7173
8233
6922
971
2784
7012
2953
3552
4500
705
6516
4367
9007
6343
9569
8185
6474
2905
4038
1781
1846
8203
4087
2088
4531
3640
9788
4472
2002
4525
8011
544
6609
3410
7757
8601
6465
4013
1376
8789
648
3674
180
9391
6165
3013
2788
238
9140
2480
7211
4217
5479
6830
3193
8042
6956
211
9558
9049
7049
6492
2477
5637
7162
1767
4446
5141
7912
8532
501
4442
2066
3945
7754
5406
5394
7797
6669
9377
9217
9325
7667
2370
3766
5859
4639
5364
4579
446
7716
2136
5125
26
1271
473
7614
555
9531
1252
481
523
1407
3881
5493
9727
8187
5921
9525
5878
2610
9296
6168
7640
5471
5448
57
9031
6429
7036
2524
6789
8932
4342
554
9230
5321
391
2350
2446
7066
2
1838
7242
6815
4468
1338
8133
3491
5371
6347
3919
9024
8154
8855
7909
5447
8509
5962
4654
4108
2384
8698
9262
4492
3464
1873
4774
8789
357
9575
2889
9738
9383
2477
3407
3517
7885
2524
8152
6478
7257
7752
5855
4394
4522
5001
5508
5548
6228
1118
7023
4448
8647
3872
9696
1295
3863
2240
932
3371
2158
2022
9963
8485
7314
6751
3867
7312
2949
5820
6135
1006
4774
1384
1184
2834
5831
3153
1808
7726
9150
5476
335
1631
5053
4274
8455
3347
8357
2328
5126
5109
4104
167
6729
4615
9158
6398
8770
432
940
5683
3769
4726
3955
4795
5760
2140
9317
7146
7777
1301
2453
4064
5103
5926
9389
6675
3669
5754
2598
5727
9961
3694
3223
7943
6088
4425
7723
6560
1225
1479
3419
596
8558
4323
9298
2090
5079
4349
5474
3062
82
8830
7207
4273
7076
4874
7072
5977
2959
1217
1963
6845
7774
4275
9958
950
8128
6324
5779
4317
7471
7855
2554
1903
6799
3262
1902
3081
75
8800
3992
8700
9696
4474
4133
5625
8649
6969
2724
5302
7669
9023
936
1311
7669
1766
5363
7172
9981
445
1066
9704
9542
691
3939
5148
9062
2030
108
4935
5410
7682
2216
5529
3001
4871
9865
2053
2785
7840
4243
8577
9589
6547
4994
8868
5061
7650
803
184
8179
771
3801
9245
433
2283
1918
3915
8168
882
2624
6327
262
4097
6081
3161
5390
2502
5709
6674
9427
8930
9376
5626
191
3236
4989
8783
3717
9286
151
4873
3501
9750
6690
1969
1766
6019
7408
6164
9670
5086
4168
4086
1619
2617
3568
6309
7370
1562
8899
9064
4419
8683
4788
9753
2352
7112
4037
7739
293
1719
4483
5642
8334
5416
7440
7943
3956
8815
8220
3068
4825
2664
3598
2350
70
2335
650
4247
3168
6328
6363
5037
913
6218
7641
7836
4584
3761
6897
240
1383
1984
9277
7130
6521
1005
3762
9294
8877
6044
1880
353
6082
4639
4550
4215
8095
2428
9734
2779
1832
2028
977
8914
3296
7520
9659
2909
7762
7828
1863
1510
3051
5912
4109
7421
5716
7081
890
3736
5027
8968
955
2134
5052
7777
8569
5885
855
209
615
8699
836
8213
331
8305
3597
4112
3705
9253
4354
7011
5144
2895
2878
7439
4853
3758
2239
6147
1581
592
5198
4671
871
7255
2991
9833
747
3320
9486
1687
3919
6752
2184
4620
7981
1381
408
4245
2850
9983
149
8558
7747
9759
4501
409
8374
756
8429
9769
8633
9323
6637
8489
238
8125
3778
7294
7858
1391
6886
4621
7052
9101
1011
9549
7216
6650
299
6574
1949
7136
8484
8257
4869
1892
4655
2886
9731
1115
2493
8196
9890
553
3714
8941
3674
2057
9390
5625
8988
5527
6012
4079
2646
7286
6690
726
7314
5231
1733
6341
1709
4261
6975
1933
7773
6401
2713
3955
1866
8831
869
2475
5753
9593
3090
5164
7121
5106
7888
2008
8676
5868
662
492
9508
6689
6433
8675
2301
5633
1482
4059
5267
1503
6743
9441
8181
3118
2726
3033
7812
4914
3071
9072
9191
2466
1378
6841
5673
8404
3887
594
2546
3912
8777
213
6066
3498
1394
2585
2215
1027
3546
6690
7255
3193
4144
1159
5151
2497
7966
1674
5380
5594
9044
6994
8248
4434
5316
6635
3897
7002
1541
241
5440
1669
8221
8572
6315
4166
5276
8682
6861
9021
564
1330
5378
7936
4999
6987
4469
6015
7968
7873
4362
3039
9022
7403
1055
1024
4425
5119
8653
1208
17
4758
2055
3308
5082
5435
8269
7378
5430
1097
2073
3940
7734
1389
4483
1198
1318
7833
527
9073
8067
2879
6227
8566
5878
5740
3339
1549
6184
8210
4420
419
1478
5655
78
9310
4455
3256
4902
8511
6463
5234
8474
1595
9228
5272
3135
397
532
9616
715
6394
1442
494
6320
8354
9975
6340
8434
5139
3688
7098
1113
9467
1556
7381
5819
3118
3739
7639
7601
6599
6337
3640
2736
6566
7107
7561
2684
2484
7223
9752
2298
9926
3658
8885
8554
1656
6527
9553
9790
9264
5818
677
4413
7449
2337
5070
2348
286
8422
392
2109
3795
4976
4375
1336
1967
2739
2698
8842
4041
7347
6156
1808
9243
9703
4891
2614
1515
5445
1366
5979
758
9905
482
8581
9072
7833
4789
127
130
379
5083
6974
7332
5369
1878
6823
1734
713
1166
5752
3857
4968
8728
6923
4443
3532
824
3649
7973
3694
5516
8213
9345
6900
8115
1785
8486
1964
6273
148
9880
8658
5099
4497
3991
7171
341
6572
5389
5254
8170
2563
8026
1484
3356
855
1548
110
3783
4473
3787
146
8114
345
3668
9036
5178
3922
5624
9039
8181
9564
1327
2770
4199
4178
7057
2810
9575
4043
5322
9144
4817
2500
7531
7356
8400
9233
407
9946
7454
259
2639
2936
4763
1386
9809
9995
5706
6938
5038
6728
5829
9828
9978
8487
9575
8663
5787
6088
3378
2547
6565
5134
1804
4436
8329
6334
3697
9492
5095
6142
6422
5739
9851
9310
176
508
2317
7574
1099
7654
7241
1545
1443
7324
6701
6126
7405
2193
7373
3286
408
1500
9067
9859
5590
6969
3946
2192
2046
2751
6814
3929
2974
4898
5599
7983
296
4561
7734
8852
7551
3084
2540
6827
6897
6505
1880
1342
912
1550
1401
6766
7548
5184
2468
257
7087
4987
556
7949
3208
8202
9292
2710
6407
3177
621
3990
6915
8076
620
7856
5984
8260
7377
3211
8961
5523
2064
8419
919
9504
6818
1075
5779
4009
3379
2485
2836
8745
4576
7602
396
9995
6684
600
4835
2163
4436
6044
4793
5780
2076
5725
4478
6554
3165
1611
7041
4371
9115
6065
8907
761
1390
1551
8547
8270
5150
3332
8690
5437
2753
355
9273
6621
3973
1468
9494
6793
6053
6381
1279
7603
774
3378
3205
2499
7628
8699
3429
5511
1862
5696
2572
411
3672
5423
2630
4409
152
4137
5995
3268
4746
7342
9444
2797
9872
4478
1552
5045
7185
3123
8426
6187
6477
6680
1857
7114
8637
4884
6041
7012
249
2231
3877
4873
7463
5416
1512
3773
4551
7208
275
8023
8222
864
8449
3854
2220
6127
1411
141
7961
5126
7614
6900
6071
4106
9583
5721
549
4787
3666
8183
1987
7384
9616
5343
8777
5855
1249
3874
5580
4730
2409
2145
6439
6110
8260
2615
5885
4792
519
5241
5140
9334
6667
339
2082
6911
7414
8274
3045
223
3708
7713
1702
5454
4467
3745
5297
1267
8839
2150
1318
191
2315
6303
8333
5390
4274
8787
3166
7765
5672
641
2824
634
9475
7346
3709
1789
3200
2176
2467
5678
2429
4296
2589
1612
6545
1171
8346
7486
3090
2225
2963
2288
5131
3465
1111
4860
6806
842
6689
799
5821
3468
5672
4207
8107
6517
346
6049
9039
7604
5655
6289
7696
9776
559
2700
5466
8836
7345
5256
7992
2666
9612
1353
9900
5471
5334
3755
5083
401
4813
143
1383
9884
4607
386
7438
4207
7607
5271
1210
5329
6287
8318
4221
4775
891
515
2898
1518
6777
6336
8582
8245
5528
8260
744
2107
2507
6114
3742
9121
9526
7091
6043
9775
5038
2005
2262
7044
5852
3479
2603
7043
3719
2138
1312
6831
7381
7602
5621
3512
5650
2100
9316
3700
9924
5846
553
2673
5166
5009
1819
8080
6845
5016
1063
3953
7565
4256
6915
6938
1214
5804
7652
8174
4315
7704
3108
1032
3995
5550
1079
7074
9462
4642
4939
9991
9233
2828
7165
58
9468
9274
4246
9658
9721
8913
2088
3853
1197
7038
7392
8592
9121
3650
9767
3215
5293
2536
1332
3149
9018
5772
5443
3365
4661
383
3852
3063
1887
214
2043
7312
274
2736
5844
1928
3436
7443
8450
3729
9060
9815
5966
9507
324
2360
1265
3542
1060
2197
528
5274
1703
2809
4164
5906
5606
6169
3980
5103
5587
226
1465
6720
8744
5937
7820
5534
3504
7470
4983
5352
6617
8968
8308
2498
9423
1385
5799
7738
2047
3269
5811
3951
1425
111
5028
6518
4038
7878
1144
8305
7085
7707
196
1369
2419
370
6755
3080
6068
1104
6317
5207
2373
7649
3108
699
5890
6945
3295
4416
6053
8835
3107
816
9325
8333
3718
3774
1033
1524
9931
1121
4455
4046
7677
9226
7812
5203
6106
1015
810
5243
3698
4190
1094
8132
4189
5075
7593
7198
7380
7540
2076
6457
1898
5726
2468
6123
1863
3944
1473
6855
7059
7031
1871
3590
6705
9708
5494
6508
194
4015
6339
3610
4282
9806
9516
6670
5131
4432
6829
9908
5314
4246
6657
8649
468
2397
489
3418
7603
4441
1002
3466
7248
5795
6878
2557
4612
2753
7683
8990
699
1869
8103
1300
2954
867
4560
846
6389
7924
8841
2606
422
5168
2715
5865
3645
6539
4744
7229
8640
9773
5496
9393
1592
7215
175
459
6949
394
8332
219
5659
8865
8778
1815
6624
4686
4044
9427
4911
68
2847
5259
7027
7257
882
1970
3046
6489
9960
9936
7796
9986
3019
2224
8422
7397
7881
4011
3667
831
5716
7350
958
5674
1180
6609
1039
6778
9896
4720
6257
8248
5564
5436
7879
9104
3348
2219
9822
6347
8386
78
1071
1611
8291
2695
6683
7508
6319
3552
7799
5002
7521
6360
4322
3734
3657
7129
89
3054
3868
7422
9220
2728
7237
5975
4089
8763
193
3742
9900
1610
6446
5642
8196
1116
9649
802
1796
5037
9285
1958
6641
5658
8431
3773
1816
2135
7991
9353
7615
4522
5747
3974
2943
9162
161
5146
7559
4073
8226
8515
1730
7307
3883
9857
5697
846
8508
4398
4031
7553
7828
6061
5435
8933
216
888
6835
7005
9801
832
1712
4482
4069
6418
6540
3602
9705
9319
5914
5481
2326
8841
6525
8636
5415
9486
2441
7478
1328
299
9374
8970
2523
562
3548
8414
4321
508
1599
3392
1443
235
1539
8221
9331
4746
1213
10
7843
8130
9935
1362
9276
5331
1010
4095
4884
5611
7703
2964
4073
7888
2899
8299
8245
4448
3156
1721
6953
6170
1147
9653
7407
9385
6622
5216
9707
1755
4873
264
9174
2147
3489
5843
4101
7380
2663
1118
1906
6930
1716
7977
9177
5216
4636
914
1449
9908
425
9570
6666
3871
9833
4336
2221
7801
8666
3826
9256
404
9260
6672
9448
3035
5961
9125
8911
6144
7460
4211
1020
5546
8730
7861
5004
7610
7937
2310
9941
3751
9193
7351
4457
6299
316
5563
849
9742
5856
8491
8638
3661
9560
6980
6597
6224
7187
306
4232
24
119
5587
3341
5257
2570
1078
7813
8770
350
4360
5154
1319
7150
9201
6343
9559
5058
2919
1594
3743
9668
9432
8326
6863
6522
1882
4251
6073
4882
2702
2849
2637
6845
8298
709
2349
4688
155
6222
4381
6985
4079
6926
2903
4522
4571
8459
2403
317
1834
1495
4663
4173
4842
4321
2565
1084
5027
7773
3535
4578
1669
6141
3303
572
1873
2339
8885
4724
5129
8165
8209
6384
4883
773
2663
5251
7302
4640
7960
2642
469
4231
8218
7844
5591
6361
7896
1486
5534
2778
6329
2047
4927
2919
16
8710
451
3971
8496
3564
9499
362
707
8890
344
7666
39
677
7199
6509
7961
7863
9099
519
8029
7866
2418
8637
4409
2891
2998
6160
1598
8243
5380
768
4927
3386
3415
9524
4676
8890
8667
279
119
7518
457
6305
3672
5720
4097
6068
9470
2591
1999
1013
5157
6936
5627
3005
442
9507
5002
9618
1081
6722
6443
9879
2320
4191
8529
5242
1568
3243
893
589
6086
1320
393
7894
7815
7560
4441
783
4112
8208
1832
1710
149
2574
7291
4696
5962
9199
7123
5681
8776
3585
9856
9390
9093
3423
7571
6345
7256
4576
734
6138
5744
1259
1766
3418
1251
6824
352
1174
9802
7364
6525
1844
7577
8933
5941
536
9925
617
5446
6235
1107
9902
6014
6224
7733
3831
4470
6183
9560
9313
4998
3407
2332
8573
6385
3419
8712
1258
1203
902
4971
2967
8664
4291
3079
1097
3772
9652
129
2809
1572
3545
9590
6645
6785
6426
1800
8858
5937
7883
4320
7903
1186
2472
6292
5649
2519
268
4791
1919
7690
9355
5299
9682
7372
8465
2898
1894
6332
6687
5563
7342
128
3783
5999
2122
836
9001
3900
5389
4603
8498
6195
2879
8445
1473
8877
9390
3655
2943
358
1850
8402
6740
2938
7924
2696
5724
5928
1202
4725
7515
1267
2920
8776
3052
31
1908
1450
2252
6165
8989
4652
5663
1947
9415
1009
3570
8250
7084
9758
4306
1480
7263
8899
1666
8247
347
2492
7266
8251
7753
304
7450
5680
2507
724
5914
9475
1274
6852
2620
3235
1654
9957
6740
6238
8381
4152
6411
8090
4771
1031
873
832
1223
3277
1237
4014
846
1807
4531
178
3443
1872
1963
497
2940
9736
6411
2874
123
3032
6017
7730
2050
4715
472
9915
1897
2631
4091
8696
8118
4174
5094
1618
9826
8248
3637
2189
6046
4771
2100
5792
135
5379
9892
3021
7055
7637
1595
4694
416
9064
1669
8236
8259
6580
1129
806
1397
1634
1620
589
5783
1146
129
3983
884
9706
3216
3110
9297
8971
3097
4988
8969
6115
9156
1016
8300
4332
7550
2988
6109
4929
8451
9777
3023
2299
5165
7010
8179
230
1881
614
5285
420
7118
3929
5105
1801
8082
7234
7170
2347
7091
8015
2168
3412
4969
62
7858
307
7919
9564
5582
1841
3725
6797
1489
5845
361
2683
6464
7313
5094
550
1375
749
4962
4737
9774
8513
188
9362
8448
2568
490
2514
7340
7841
548
3407
4265
1643
4929
2651
6572
5065
4678
8640
1452
9056
7482
6339
8955
53
780
8204
6904
7420
2595
873
4935
7724
7916
5373
5623
8921
9451
3063
4293
904
335
4323
5529
7526
2915
2060
3601
9240
2164
7523
6099
4766
4421
1630
4887
4838
2224
1022
6191
1018
3763
4414
2075
7786
1171
1444
8889
6696
5271
3216
4334
7238
5699
957
3748
254
4350
6859
7915
6203
7033
9020
9255
2439
2857
645
593
726
3438
2192
894
8684
4295
3956
5303
6601
8963
5788
2637
4067
2293
43
2081
9309
3157
3684
2231
7750
8365
5531
9906
5311
8978
5037
3123
6309
7398
9699
2551
5389
8622
9242
8379
7875
1879
6038
5030
3186
9499
2877
4447
1482
8305
1173
9765
4609
5085
4963
5119
8569
1776
8645
4053
6260
7867
9293
8534
6009
7235
7619
2948
3563
4128
5148
2587
2622
8342
9049
4157
1748
2770
170
6584
3546
7439
4335
4041
5353
2927
1690
9498
9410
2611
4017
6345
4411
7585
5297
7687
9708
294
6544
7734
7994
2924
1940
7408
2293
4420
9651
6749
8259
5637
7345
9991
3401
5575
9397
5292
679
2916
50
23
5124
6135
4383
4221
8614
2367
6827
9393
9747
9881
5208
7176
2885
1556
6797
2542
2851
7037
1693
9223
9523
9420
8025
785
9618
8236
2909
9437
1342
4276
2872
6038
1227
3374
7558
8996
1522
5641
907
6822
771
3839
4736
8919
9843
9610
659
1878
615
9078
7625
4026
4751
9989
4007
9249
5579
994
5143
2235
6913
9944
9482
1189
8903
2141
9107
793
2423
1363
3290
7745
368
6193
6934
3541
6327
1675
9327
4354
8515
1665
2416
5816
9637
346
1990
1327
1359
2367
9633
6096
5477
9781
8054
5551
2522
562
7509
5978
2555
7856
6430
7278
2200
1303
5076
2609
6595
1809
7066
7333
4860
8933
9972
148
2921
5717
2806
2619
8113
9220
5221
9383
5827
6279
470
242
9645
3100
1822
7089
2933
4145
9966
3127
1637
514
7201
9236
5153
497
2709
2468
4591
5306
2046
4651
5470
1139
3146
4875
4964
4665
589
8223
2165
2784
9667
4543
3532
9082
1852
5266
4668
8799
3698
3332
3896
1307
1901
1137
2697
4119
8260
4074
3042
5271
9660
2712
1848
1548
9788
4985
8381
8463
1311
810
1298
4198
9493
5518
8158
3724
815
5187
1793
1269
3067
